# New Frontier Craft texture segments descriptor file
# compiled by tracystacktrace

# Using vanilla variables
/particles.png: [0,0,8,8];[8,0,8,8];[16,0,8,8];[24,0,8,8];[32,0,8,8];[40,0,8,8];[48,0,8,8];[56,0,8,8];[0,8,8,8];[8,8,8,8];[16,8,8,8];[24,8,8,8];[32,8,8,8];[40,8,8,8];[48,8,8,8];[0,16,8,8];[8,16,8,8];[0,24,8,8];[8,24,8,8];[0,32,8,8];[0,40,8,8];[0,48,8,8];[8,48,8,8]
/gui/items.png: square_gen 16 16 256 256
/terrain.png: square_gen 16 16 256 256

# NFC changes
/gui/icons.png: [0,0,16,16];[16,0,9,9];[25,0,9,9];[34,0,9,9];[43,0,9,9];[52,0,9,9];[61,0,9,9];[70,0,9,9];[79,0,9,9];[88,0,9,9];[97,0,9,9];[16,9,9,9];[25,9,9,9];[34,9,9,9];[43,9,9,9];[16,18,9,9];[25,18,9,9];[16,45,9,9];[25,45,9,9];[34,45,9,9];[43,45,9,9];[52,45,9,9];[61,45,9,9];[70,45,9,9];[79,45,9,9];[88,45,9,9];[97,45,9,9];[0,176,10,8];[10,176,10,8];[0,184,10,8];[10,184,10,8];[0,192,10,8];[10,192,10,8];[0,200,10,8];[10,200,10,8];[0,208,10,8];[10,208,10,8];[0,216,10,8];[0,240,16,16];[16,240,16,16]
/NFC/icons.png: square_gen 20 20 256 256
/NFC/items.png: square_gen 16 16 256 256
/NFC/items2.png: square_gen 16 16 256 256
/NFC/terrain.png: square_gen 16 16 256 256
/NFC/terrainAchievements.png: square_gen 16 16 256 256
/NFC/terrainCarpentry.png: square_gen 16 16 256 256